00751
00901
00907
00917
01000
01010
01014
01020
01030
01049
01050
01060
01070
01080
01090
01120
01130
01140
01160
01180
01209
01210
01219
01290
01296
01330
01377
01470
01480
01580
01600
01710
01780
01840
01900
02040
02080
02090
02099
02120
02129
02130
02150
02210
02240
02300
02400
02420
02440
02470
02640
02700
02710
02730
02760
02800
02840
02870
02910
02920
02950
02960
02970
03000
03020
03023
03100
03103
03104
03200
03300
03303
03310
03330
03340
03400
03430
03500
03510
03520
03540
03560
03600
03630
03650
03660
03700
03710
03730
03740
03800
03810
03840
03900
03920
04000
04010
04040
04100
04120
04200
04211
04230
04260
04310
04318
04330
04369
04370
04460
04480
04500
04600
04660
04800
04850
04890
04899
04918
04919
04950
04970
04980
05100
05110
05120
05129
05200
05260
05320
05348
05500
06000
06010
06020
06030
06040
06050
06060
06070
06080
06090
06100
06140
06170
06200
06220
06250
06270
06300
06350
06400
06430
06450
06470
06500
06600
06700
06720
06760
06800
06820
06850
06870
06880
06890
06900
06920
07010
07020
07040
07060
07070
07090
07207
07210
07220
07230
07268
07270
07300
07320
07359
07360
07369
07430
07450
07455
07460
07469
07470
07480
07500
07510
07550
07580
07600
07620
07630
07700
07708
07720
07730
07750
07754
07760
07780
07800
07830
07840
07850
07860
07870
07880
07889
07890
07899
07900
07918
07950
07969
07970
07979
08000
08002
08020
08100
08200
08220
08230
08300
08310
08400
08500
08610
08650
08700
08720
08730
08810
08840
09000
09030
09040
09070
09100
09209
09210
09220
09240
09270
09280
09310
09360
09400
09420
09430
09440
09470
09480
09500
09510
09520
09530
09570
09630
09640
09660
09698
09700
09720
09750
09760
09770
09780
09810
09820
09830
09840
09850
09860
09880
09890
09900
09910
09940
09960
09970
10160
10200
10400
10610
10620
11000
11200
11230
11240
11250
11270
11280
11300
11310
11320
11330
11370
11400
11410
11420
11430
11450
11490
11500
11510
11520
11529
11530
11540
11550
11560
11580
11590
11650
11700
11800
11810
11850
11870
11950
12100
12250
12300
13100
13230
13300
13319
13360
13420
13508
14020
14030
14060
14080
14090
14140
14200
14210
14240
14248
14250
14270
14308
14310
14320
14330
14350
14357
14370
14387
14390
14430
14449
14470
14490
14500
14600
14610
14630
14650
14710
15000
15074
15100
15210
15220
15230
15270
15290
15300
15350
15400
15510
15520
15530
15540
15610
15630
15750
15820
15830
15850
15900
16000
16010
16020
16035
16050
16090
16099
16100
16200
16420
16459
16500
17161
20000
20010
20020
20030
20040
20070
20100
20110
20120
20123
20127
20130
20138
20140
20174
20196
20200
20207
20208
20210
20218
20220
20230
20232
20234
20238
20239
20255
20256
20266
20267
20270
20285
20286
20290
20298
20300
20326
20328
20344
20358
20396
20668
20900
20907
20908
20910
20916
20923
20926
20983
20997
21100
21180
21225
21240
21250
21254
21255
21259
21327
21330
21339
21355
21370
21378
21379
21386
21395
21399
21400
21495
22000
22010
22014
22040
22044
22045
22046
22056
22100
22105
22106
22115
22116
22117
22123
22210
22214
22215
22216
22226
22245
22416
22426
22435
22444
22455
22457
22500
22564
22566
22606
22607
22610
22640
22667
22700
22755
22760
22785
22800
22813
22840
22850
22852
22880
22890
22940
23000
23060
23078
23085
23406
23428
23450
24026
24040
24050
24075
24087
24088
24097
24155
24158
24166
24197
24560
25000
25013
25093
25107
25209
25210
25220
25290
25295
25297
25352
25700
25710
25718
25720
25730
25750
25770
25900
25904
26014
26100
26288
26740
26834
27000
27010
27014
27015
27018
27019
27023
27040
27050
27085
27100
27130
27140
27180
27200
27250
27269
27272
27274
27277
27278
27280
27290
27297
27410
27440
27640
27987
28000
28014
28017
28047
28048
28120
28210
28300
28350
28500
28530
28973
28979
28984
29000
29010
29019
29020
29030
29039
29040
29054
29060
29077
29129
29140
29160
29165
29213
29230
29250
29270
29294
29940
29960
30068
30500
30520
30700
30780
30798
31000
31020
31030
31050
31060
31100
31104
31106
31110
31114
31115
31120
31123
31124
31125
31126
31134
31135
31150
31160
31170
31183
31200
31203
31205
31206
31207
31210
31213
31214
31215
31216
31220
31304
31350
31380
31384
31452
31520
31527
31530
31607
31614
31710
31978
32000
32070
32160
32280
32315
32325
32330
32340
32360
32380
32390
32400
32410
32425
32440
32459
32469
32470
32472
32510
32528
32538
32540
32545
32546
32575
32618
32668
32670
32685
32695
32910
33000
33070
33139
33270
33620
33820
34000
34045
34050
34100
34108
34120
34150
34166
34185
34220
34235
34236
34384
34780
34840
34848
34920
35029
35077
35150
36000
36200
36266
36275
36320
36360
36365
36390
36400
36403
36414
36416
36470
36500
36555
36557
36558
36570
36588
36612
36620
36631
36633
36640
36643
36644
36645
36660
36666
36670
36680
36690
36700
36730
36782
36785
36786
36814
36900
36970
37000
37004
37019
37020
37100
37119
37123
37125
37128
37130
37134
37138
37140
37148
37150
37160
37161
37170
37178
37180
37204
37207
37208
37210
37218
37219
37227
37234
37235
37236
37238
37249
37250
37257
37260
37266
37278
37287
37290
37295
37296
37297
37298
37299
37300
37320
37327
37328
37330
37340
37358
37380
37390
37408
37417
37438
37450
37468
37470
37480
37490
37500
37510
37520
37530
37544
37545
37547
37549
37590
37669
37690
37740
37749
37758
37765
37800
37820
37887
37980
37991
38010
38016
38037
38060
38070
38080
38090
38095
38116
38300
38329
38400
38406
38500
38511
38800
38980
38982
40000
40030
40053
40330
40500
40800
40896
40897
42000
42030
42032
42039
42040
42060
42075
42082
42083
42084
42086
42088
42119
42160
42180
42184
42185
42186
42191
42192
42400
42630
42700
42823
43170
43800
43815
43845
44100
44110
44130
44150
44158
44160
44190
44200
44210
44218
44227
44240
44250
44260
44270
44298
44300
44320
44350
44380
44410
44440
44450
44460
44500
44520
44530
44540
44550
44600
44610
44620
44630
44647
44648
44650
44657
44660
44670
44680
44690
44719
44720
44730
44760
44770
44780
44790
44870
44890
44900
44901
44910
44920
44940
44950
44970
45010
45017
45019
45030
45037
45038
45040
45046
45050
45057
45058
45059
45069
45070
45079
45089
45100
45110
45116
45118
45119
45120
45128
45129
45130
45133
45134
45135
45136
45138
45140
45145
45147
45149
45150
45160
45169
45177
45178
45180
45187
45188
45190
45199
45200
45220
45226
45230
45234
45235
45237
45238
45310
45402
45405
45410
45430
45500
45519
45530
45580
45598
45600
45601
45608
45615
45618
45640
45645
45646
45653
45665
45680
45689
45800
46000
46100
46400
47000
47020
47040
47059
47146
47170
47180
47196
47270
47400
47410
47460
47470
47472
47504
47600
47698
47700
47750
47860
47900
47930
47940
48050
48280
48290
48298
48300
48310
48317
48325
48328
48330
48333
48350
48740
48900
48980
49000
49088
49120
49170
49500
49657
49700
50000
50010
50018
50026
50050
50060
50070
50075
50090
50100
50110
50120
50130
50140
50150
50160
50170
50190
50200
50205
50214
50223
50228
50240
50245
50260
50266
50355
50455
50734
50886
50940
50960
51200
51356
51370
51400
51760
51900
51905
52000
52004
52005
52006
52044
52046
52100
52104
52105
52120
52140
52143
52144
52148
52149
52150
52156
52160
52161
52164
52172
52176
52177
52179
52183
52280
52300
52360
52365
52400
52465
52500
52600
52740
52743
52757
52760
52763
52764
52765
52774
52779
52780
52783
52785
52787
52789
52798
52900
52926
52927
52928
52930
52937
52945
52948
52957
52960
52966
52975
52977
52978
52989
52994
52998
53000
53040
53100
53120
53125
53127
53130
53138
53140
53150
53160
53216
53220
53228
53240
53247
53280
53283
53297
53300
53310
53320
53370
53398
53427
53460
53470
53489
53490
53550
53560
53569
53570
53710
53750
53760
53910
53950
53960
53970
54010
54016
54020
54030
54040
54050
54054
54055
54057
54060
54080
54090
54134
54140
54142
54143
54150
54160
54168
54170
54180
54189
54190
54195
54254
54570
54603
54605
54614
54680
54683
54685
54700
54714
54715
54716
54719
54720
54725
54730
54740
54744
54750
54763
54766
54769
54770
54800
54831
54840
54879
54900
54910
54913
54938
54944
54948
54960
54980
54985
54990
55000
55010
55016
55023
55024
55029
55050
55070
55076
55090
55100
55119
55120
55127
55170
55264
55267
55270
55280
55290
55310
55320
55340
55370
55390
55416
55450
55508
55510
55540
55628
55666
55700
55710
55712
55717
55720
55723
55736
55748
55749
55763
55764
55766
55767
55770
55800
55859
55882
55885
56020
56100
56110
56120
56130
56140
56150
56217
56220
56230
56250
56255
56257
56270
56337
56343
56353
56400
56410
56429
56500
56512
56514
56524
56530
56536
56537
56540
56566
56600
56604
56605
56607
56608
56610
56613
56617
56619
56640
56644
56720
57000
57120
57170
57179
57180
57185
57200
57210
57310
57410
57460
57500
57530
57620
57630
57700
57710
57820
57850
57900
57930
57940
57950
58000
58010
58020
58040
58060
58089
58090
58100
58110
58118
58120
58130
58140
58147
58148
58175
58180
58188
58190
58195
58197
58200
58218
58219
58220
58226
58228
58229
58230
58254
58257
58260
58280
58290
58330
58337
58350
58359
58760
58800
58840
58880
58891
58963
59000
59010
59033
59050
59300
59340
59350
59375
59510
59514
59600
59689
59690
59697
59750
59791
59820
59940
60000
60050
60080
60090
60250
60256
60380
60953
61100
61312
61506
61515
61600
61605
61650
62000
62010
62020
62040
62050
62080
62120
62130
62157
62170
62215
62220
62240
62250
62270
62290
62300
62330
62340
62450
62460
62517
62520
62550
62553
62564
62566
62570
62573
62574
62577
62578
62583
62584
62588
62715
62730
62732
62738
62747
62749
62756
62757
62765
62790
62826
62840
62900
62920
63010
63035
63080
63130
63157
63170
63173
63177
63190
63630
63734
63735
63737
63784
63940
64000
64010
64020
64030
64040
64060
64102
64103
64108
64110
64117
64140
64170
64180
64190
64260
64280
64320
64340
64345
64346
64349
64350
64369
64370
64380
64390
64410
64460
64480
64500
64508
64520
64530
64540
64550
64580
64590
64600
64610
64619
64620
64630
64637
64640
64650
64700
64710
64720
64740
64753
64754
64760
64765
64780
64790
64800
64810
64820
64840
64850
64859
64860
64890
64898
64910
64920
64930
64960
64970
64984
64987
64988
64989
64990
64996
65550
65555
66023
66024
66026
66035
66036
66044
66050
66052
66054
66055
66056
66057
66058
66059
66062
66070
66072
66073
66100
66145
66150
66179
66188
66196
66197
66200
66220
66224
66226
66230
66235
66236
66250
66260
66265
66266
66267
66269
66270
66275
66278
66280
66362
66365
66367
66368
66410
66414
66420
66422
66437
66447
66450
66457
66460
66463
66464
66470
66473
66475
66477
66478
66480
66482
66490
66495
66496
66550
66600
66603
66604
66606
66607
66609
66610
66612
66614
66626
66632
66633
66634
66635
66640
67100
67110
67115
67116
67117
67119
67120
67123
67125
67129
67130
67140
67150
67160
67169
67170
67173
67174
67176
67180
67185
67186
67190
67193
67204
67250
67260
67300
67315
67320
67350
67456
67480
67484
67486
68000
68020
68023
68027
68050
68090
68140
68220
68228
68270
68310
68340
69007
70430
70620
70989
71220
71226
71233
71240
71242
71243
71248
71266
71507
71980
72000
72020
72023
72070
72090
72100
72110
72130
72140
72150
72154
72160
72170
72180
72197
72210
72220
72228
72229
72260
72310
72320
72340
72360
72365
72380
72400
72410
72420
72430
72440
72450
72453
72460
72470
72474
72480
72490
72501
72520
72530
72550
72570
72574
72580
72583
72587
72589
72590
72594
72595
72680
72700
72710
72730
72735
72754
72756
72760
72762
72764
72770
72775
72776
72810
72813
72820
72824
72826
72830
72840
72846
72850
72960
72990
73300
73580
73880
73920
73970
74042
74130
74160
74280
74290
74325
75200
75240
75440
75460
75480
75710
75720
75730
75750
75770
75790
75820
76000
76010
76020
76030
76047
76048
76050
76059
76060
76069
76070
76079
76080
76085
76086
76089
76090
76099
76100
76113
76114
76116
76118
76120
76125
76127
76135
76137
76138
76140
76146
76147
76148
76150
76155
76160
76165
76168
76177
76178
76179
76180
76190
76213
76220
76226
76230
76235
76240
76243
76246
76249
76256
76264
76267
76269
76500
76574
76670
76700
76750
76755
76775
76800
76803
76806
76830
76900
76902
76903
76904
76905
76906
76908
76910
76912
76915
76920
76922
76973
76974
77000
77014
77027
77083
77400
77500
77503
77504
77505
77506
77507
77508
77510
77516
77518
77519
77527
77533
77534
77535
77536
77539
77560
77675
77712
77723
77733
77760
78000
78015
78020
78038
78040
78041
78043
78045
78046
78070
78115
78130
78133
78148
78154
78155
78163
78183
78200
78210
78214
78215
78216
78217
78218
78220
78228
78230
78232
78238
78240
78248
78249
78250
78251
78253
78254
78258
78269
78270
78280
78294
78309
78310
78320
78328
78339
78340
78350
78360
78364
78369
78370
78380
78387
78388
78390
78394
78395
78396
78397
78399
78410
78413
78426
78430
78433
78434
78436
78437
78438
78454
78501
78520
78521
78542
78550
78572
78577
78586
78597
78610
78613
78628
78634
78641
78642
78648
78660
78664
78665
78666
78669
78701
78703
78704
78717
78728
78730
78731
78732
78738
78739
78741
78744
78745
78746
78749
78750
78751
78752
78753
78754
78758
78759
78767
79526
79610
79901
79903
79905
79907
79936
80000
80014
80016
80020
80028
80040
80050
80054
80058
80059
80060
80065
80080
80090
80100
80105
80110
80120
80128
80140
80145
80160
80170
80176
80179
80180
80184
80189
80194
80197
80199
80200
80220
80227
80230
80247
80270
80279
80295
80300
80301
80308
80322
80430
80450
81000
81130
81200
81229
81240
81248
81257
81278
81280
81330
81400
81450
81470
82010
82013
82060
82103
82110
82112
82120
82123
82124
82127
82129
82134
82140
82180
82195
83000
83010
83020
83100
83104
83106
83114
83116
83117
83130
83138
83140
83144
83145
83148
83150
83157
83165
83178
83179
83180
83190
83200
83204
83207
83208
83210
83224
83243
83248
83249
83260
83270
83280
83287
83288
83290
83294
83323
83440
83449
83450
83600
84020
84030
84050
84060
84063
84066
84080
84090
84093
84094
84600
85000
85010
85017
85037
85040
85080
85099
85134
85136
85140
85157
85180
85199
85364
85400
85440
85450
85506
85710
85711
85712
85716
85743
85746
85830
85850
86000
86020
86108
86127
86143
86150
86153
86246
86247
86287
86300
86500
87020
87025
87029
87030
87089
87170
87330
87350
87420
87448
87500
87544
87930
88000
88060
88120
88160
88240
88260
88270
88280
88298
88306
88600
88620
88630
88660
88680
88690
88700
88703
88710
88715
88727
88730
88740
88756
88778
88780
88959
89000
89060
89080
89100
89110
89120
89140
89318
89320
89330
89336
89337
89344
89348
89359
89360
89367
89410
89420
89430
89450
89518
89580
89603
89607
90000
90122
90300
90337
90357
90358
90770
90780
90803
90835
91000
91030
91050
91097
91100
91130
91152
91158
91170
91186
91190
91193
91194
91270
91304
91400
91500
91637
91640
91680
91697
91698
91700
91725
91726
91727
91739
91750
91756
91775
91779
91790
91800
91808
91812
91826
91870
91897
91900
91910
91913
91914
91915
91919
91932
91940
91941
91945
91950
92019
92040
92071
92101
92108
92118
92119
92154
92173
92880
92930
93230
93240
93270
93305
93308
93340
93429
93535
93600
93633
93820
94100
94108
94270
94274
94290
94293
94294
94295
94297
94298
94299
94300
94466
94467
94472
94473
94475
94476
94500
94517
94540
94550
94560
94575
94580
94650
94732
94740
94910
94915
94940
95264
95460
95580
95710
96000
96346
96349
96353
96400
96410
96496
96500
96510
96660
96710
97000
97070
97100
97113
97115
97116
97117
97120
97125
97127
97128
97130
97133
97134
97138
97140
97144
97200
97203
97205
97210
97217
97219
97220
97227
97229
97230
97238
97246
97277
97295
97297
97300
97302
97305
97306
97314
97342
97345
97370
97390
97470
97784
99600
99820
99830
